16
0 0 0 7 0 12 0 0 0 0 0 11 0 16 2 0
0 4 0 0 0 2 0 10 13 0 0 12 0 0 0 0
0 0 3 6 4 8 0 0 16 0 0 2 10 12 0 0
0 5 16 0 0 0 13 0 0 0 1 0 0 0 0 9
9 3 0 0 0 0 11 0 0 6 5 0 0 0 0 0
11 0 0 0 8 0 5 1 10 0 3 0 0 0 0 0
0 15 0 0 0 9 0 0 0 0 4 16 5 6 0 0
4 6 0 0 0 0 0 14 0 7 0 0 0 9 16 0
2 0 0 10 0 7 0 0 14 0 0 0 3 0 0 0
0 7 14 0 0 10 4 13 0 11 0 0 0 0 0 0
16 0 0 0 0 0 0 0 12 0 10 0 0 0 0 8
0 9 0 0 0 0 0 6 7 13 0 0 0 1 14 0
14 0 0 0 0 5 8 0 3 0 0 7 0 0 0 0
15 2 0 0 0 0 6 0 0 0 0 0 8 11 1 0
0 0 9 0 0 15 14 0 2 16 0 10 0 3 5 12
0 0 1 13 16 0 0 0 9 0 0 0 15 0 0 0
